4294967278,299
3,36
3,35
3,34
3,33
3,32
3,31
3,30
3,29
3,28
3,27
3,26
3,25
3,24
3,23
3,22
3,21
3,20
3,19
3,18
3,17
3,16
3,15
3,14
3,13
3,12
3,11
3,10
3,9
3,8
3,7
3,6
3,5
4294967278,298
4294967279,297
4294967278,297
4294967279,296
2,406
2,405
2,404
2,403
2,402
2,401
2,400
2,399
2,398
2,397
2,396
2,395
2,394
2,393
2,392
2,391
2,390
2,389
2,388
2,387
2,386
2,385
2,384
2,383
2,382
2,381
2,380
2,379
2,378
2,377
2,376
2,375
2,374
2,373
2,372
2,371
2,370
2,369
2,368
2,367
2,366
2,365
2,364
2,363
2,362
2,361
2,360
2,359
2,358
2,357
2,356
2,355
2,354
2,353
2,352
2,351
2,350
2,349
2,348
2,347
2,346
2,345
2,344
2,343
2,342
2,341
2,340
2,339
2,338
2,337
2,336
2,335
2,334
2,333
2,332
2,331
2,330
2,329
2,328
2,327
2,326
2,325
2,324
2,323
2,322
2,321
2,320
2,319
2,318
2,317
2,316
4294967279,295
4294967278,296
2,315
2,314
2,313
2,312
2,311
2,310
2,309
2,308
2,307
2,306
2,305
2,304
2,303
2,302
2,301
2,300
2,299
2,298
2,297
2,296
2,295
2,294
2,293
2,292
2,291
2,290
2,289
2,288
2,287
2,286
2,285
2,284
2,283
2,282
2,281
2,280
2,279
2,278
2,277
2,276
2,275
2,274
2,273
2,272
2,271
2,270
2,269
2,268
2,267
2,266
2,265
2,264
2,263
2,262
2,261
2,260
2,259
2,258
2,257
2,256
2,255
2,254
2,253
2,252
2,251
2,250
2,249
2,248
2,247
2,246
2,245
2,244
2,243
2,242
2,241
2,240
2,239
2,238
2,237
2,236
2,235
2,234
2,233
2,232
2,231
2,230
2,229
2,228
2,227
2,226
2,225
2,224
2,223
2,222
2,221
2,220
2,219
2,218
2,217
2,216
2,215
2,214
2,213
2,212
2,211
2,210
2,209
2,208
2,207
2,206
2,205
2,204
2,203
2,202
2,201
2,200
2,199
2,198
2,197
2,196
2,195
2,194
2,193
2,192
2,191
2,190
2,189
2,188
2,187
2,186
2,185
2,184
2,183
2,182
2,181
2,180
2,179
2,178
2,177
2,176
2,175
2,174
2,173
2,172
2,171
2,170
2,169
2,168
2,167
2,166
2,165
2,164
2,163
2,162
2,161
2,160
2,159
2,158
2,157
2,156
2,155
2,154
2,153
2,152
2,151
2,150
2,149
2,148
2,147
2,146
2,145
2,144
2,143
2,142
2,141
2,140
2,139
2,138
2,137
2,136
2,135
2,134
2,133
2,132
2,131
2,130
2,129
2,128
2,127
2,126
2,125
2,124
2,123
2,122
2,121
2,120
4294967278,295
4294967278,294
2,119
2,118
2,117
2,116
2,115
2,114
2,113
2,112
2,111
2,110
2,109
2,108
2,107
2,106
2,105
2,104
2,103
2,102
2,101
2,100
2,99
2,98
2,97
2,96
2,95
2,94
2,93
2,92
2,91
2,90
2,89
2,88
2,87
2,86
2,85
2,84
2,83
2,82
2,81
2,80
2,79
2,78
2,77
2,76
2,75
2,74
2,73
2,72
2,71
2,70
2,69
2,68
2,67
2,66
2,65
2,64
2,36
2,35
2,34
2,33
2,32
2,31
2,30
2,29
2,28
2,27
2,26
2,25
2,24
2,23
2,22
2,21
2,20
2,19
2,18
2,17
2,16
